instancias/lin318.tsp	42734	42029	1.68	52.92
instancias/rd400.tsp	15586	15281	2.00	118.98
instancias/fl417.tsp	12136	11871	2.23	107.93
instancias/pr439.tsp	110382	107217	2.95	90.29
instancias/pa561.tsp	2827	2763	2.32	221.41
instancias/u574.tsp	38331	36905	3.86	266.98
instancias/rat575.tsp	6952	6773	2.64	234.98
instancias/dsj1000.tsp	19476840	18659688	4.38	2137.60
instancias/d1291.tsp	52127	50801	2.61	2576.25
instancias/u1060.tsp	232540	224094	3.77	1147.49
instancias/vm1084.tsp	247809	239297	3.56	2546.99
instancias/fl1400.tsp	20515	20127	1.93	3410.46
